0
0
0
7
33
0
7
66
0
7
99
0
7
132
0
7
165
0
7
198
0
7
231
0
7
264
0
7
297
0
7
330
0
7
363
0
7
396
0
7
429
0
7
462
0
0
495
0
0
0
25
6
33
25
6
66
25
16
99
25
16
132
25
16
165
25
16
198
25
16
231
25
16
264
25
16
297
25
16
330
25
16
363
25
16
396
25
6
429
25
6
462
25
0
495
25
0
0
50
6
33
50
16
66
50
16
99
50
16
132
50
0
165
50
0
198
50
8
231
50
8
264
50
0
297
50
0
330
50
16
363
50
16
396
50
16
429
50
6
462
50
0
495
50
0
0
75
16
33
75
0
66
75
16
99
75
16
132
75
16
165
75
16
198
75
16
231
75
16
264
75
16
297
75
16
330
75
16
363
75
16
396
75
0
429
75
16
462
75
0
495
75
0
0
100
16
33
100
0
66
100
15
99
100
15
132
100
15
165
100
0
198
100
15
231
100
15
264
100
0
297
100
15
330
100
15
363
100
15
396
100
0
429
100
16
462
100
0
495
100
0
0
125
16
33
125
15
66
125
15
99
125
16
132
125
16
165
125
0
198
125
15
231
125
15
264
125
0
297
125
16
330
125
16
363
125
15
396
125
15
429
125
16
462
125
0
495
125
0
0
150
16
33
150
16
66
150
15
99
150
15
132
150
15
165
150
16
198
150
15
231
150
15
264
150
16
297
150
15
330
150
15
363
150
15
396
150
16
429
150
16
462
150
0
495
150
6
0
175
5
33
175
16
66
175
0
99
175
0
132
175
0
165
175
16
198
175
0
231
175
0
264
175
16
297
175
0
330
175
0
363
175
0
396
175
16
429
175
5
462
175
6
495
175
6
0
200
5
33
200
16
66
200
16
99
200
16
132
200
8
165
200
16
198
200
0
231
200
0
264
200
16
297
200
8
330
200
16
363
200
16
396
200
16
429
200
5
462
200
6
495
200
0
0
225
16
33
225
16
66
225
16
99
225
16
132
225
16
165
225
16
198
225
8
231
225
8
264
225
16
297
225
16
330
225
16
363
225
16
396
225
16
429
225
16
462
225
0
495
225
0
0
250
16
33
250
0
66
250
8
99
250
8
132
250
0
165
250
8
198
250
14
231
250
14
264
250
8
297
250
0
330
250
8
363
250
8
396
250
0
429
250
16
462
250
0
495
250
0
0
275
16
33
275
0
66
275
16
99
275
16
132
275
16
165
275
16
198
275
8
231
275
8
264
275
16
297
275
16
330
275
16
363
275
16
396
275
0
429
275
16
462
275
0
495
275
0
0
300
16
33
300
15
66
300
16
99
300
0
132
300
16
165
300
16
198
300
5
231
300
5
264
300
16
297
300
16
330
300
0
363
300
16
396
300
15
429
300
16
462
300
0
495
300
0
0
325
16
33
325
15
66
325
16
99
325
0
132
325
16
165
325
16
198
325
0
231
325
0
264
325
16
297
325
16
330
325
0
363
325
16
396
325
15
429
325
16
462
325
0
495
325
0
0
350
16
33
350
0
66
350
16
99
350
0
132
350
16
165
350
16
198
350
0
231
350
0
264
350
16
297
350
16
330
350
0
363
350
16
396
350
0
429
350
16
462
350
0
495
350
0
0
375
16
33
375
0
66
375
16
99
375
0
132
375
16
165
375
16
198
375
0
231
375
0
264
375
16
297
375
16
330
375
0
363
375
16
396
375
0
429
375
16
462
375
0
495
375
0
0
400
16
33
400
0
66
400
16
99
400
0
132
400
0
165
400
16
198
400
16
231
400
16
264
400
16
297
400
0
330
400
0
363
400
16
396
400
0
429
400
16
462
400
0
495
400
0
0
425
16
33
425
16
66
425
16
99
425
16
132
425
16
165
425
16
198
425
16
231
425
16
264
425
16
297
425
16
330
425
16
363
425
16
396
425
16
429
425
16
462
425
0
495
425
0
0
450
16
33
450
5
66
450
5
99
450
16
132
450
16
165
450
16
198
450
0
231
450
0
264
450
16
297
450
16
330
450
16
363
450
5
396
450
5
429
450
16
462
450
0
495
450
6
0
475
16
33
475
0
66
475
16
99
475
0
132
475
0
165
475
0
198
475
8
231
475
8
264
475
0
297
475
0
330
475
0
363
475
16
396
475
0
429
475
16
462
475
6
495
475
0
0
500
16
33
500
0
66
500
16
99
500
16
132
500
16
165
500
5
198
500
0
231
500
0
264
500
5
297
500
16
330
500
16
363
500
16
396
500
0
429
500
16
462
500
0
495
500
0
0
525
16
33
525
0
66
525
0
99
525
16
132
525
8
165
525
5
198
525
0
231
525
0
264
525
5
297
525
8
330
525
16
363
525
0
396
525
0
429
525
16
462
525
0
495
525
0
0
550
16
33
550
0
66
550
0
99
550
16
132
550
16
165
550
16
198
550
0
231
550
0
264
550
16
297
550
16
330
550
16
363
550
0
396
550
0
429
550
16
462
550
0
495
550
0
0
575
16
33
575
16
66
575
16
99
575
16
132
575
0
165
575
16
198
575
16
231
575
16
264
575
16
297
575
0
330
575
16
363
575
16
396
575
16
429
575
16
462
575
0
495
575
6
0
600
16
33
600
16
66
600
0
99
600
16
132
600
0
165
600
16
198
600
0
231
600
0
264
600
16
297
600
0
330
600
16
363
600
0
396
600
16
429
600
16
462
600
6
495
600
7
0
625
16
33
625
16
66
625
0
99
625
16
132
625
16
165
625
16
198
625
16
231
625
16
264
625
16
297
625
16
330
625
16
363
625
0
396
625
16
429
625
16
462
625
7
495
625
7
0
650
7
33
650
16
66
650
16
99
650
16
132
650
0
165
650
0
198
650
0
231
650
0
264
650
0
297
650
0
330
650
16
363
650
16
396
650
16
429
650
7
462
650
7
495
650
6
0
675
7
33
675
7
66
675
16
99
675
16
132
675
0
165
675
6
198
675
8
231
675
8
264
675
6
297
675
0
330
675
16
363
675
16
396
675
7
429
675
7
462
675
6
495
675
6
0
700
6
33
700
7
66
700
7
99
700
16
132
700
0
165
700
6
198
700
13
231
700
13
264
700
6
297
700
0
330
700
16
363
700
7
396
700
7
429
700
6
462
700
6
495
700
6
0
725
6
33
725
6
66
725
7
99
725
7
132
725
0
165
725
6
198
725
13
231
725
13
264
725
6
297
725
0
330
725
7
363
725
7
396
725
6
429
725
6
462
725
6
495
725
